
1.17
0.99
0.81
0.63
0.49
0.34
0.23
0.12
0.06
0
-0.02
0
0
0.06
0.15
0.24
0.39
0.52
0.68
0.83
1.03
1.23
1.42
1.64
1.95
2.07
2.3
2.6
2.7
2.95
3.03
3.24
3.38
3.48
3.58
3.65
3.72
3.78
3.83
3.85
3.86
3.85
3.76
3.62
3.38
3.14
2.87
2.47
2.02
1.63
1.18
0.82
0.51
0.32
0.22
0.25
0.39
0.68
1.14
1.58
2.12
2.62
2.96
3.32
3.62
3.75
3.78
3.68
3.52
3.33
3
2.56
2.17
1.69
1.23
0.85
0.6
0.39
0.34
0.34
0.42
0.67
0.92
1.31
1.76
2.15
2.59
2.97
3.27
3.43
3.56
3.59
3.5
3.35
3.06
2.7
2.29
1.93
1.45
1.03
0.73
0.49
0.37
0.37
0.46
0.69
1.06
1.6
2.19
2.69
3.13
3.44
3.59
3.65
3.53
3.25
2.78
2.26
1.71
1.04
0.64
0.48
0.56
0.86
1.28
1.86
2.38
2.84
3.14
3.4
3.52
3.52
3.43
3.25
3.03
2.72
2.33
1.96
1.49
1.04
0.77
0.51
0.4
0.42
0.63
0.89
1.31
1.7
2.18
2.53
2.95
3.25
3.43
3.48
3.41
3.21
2.92
2.45
2.08
1.57
1
0.72
0.53
0.52
0.69
1.03
1.66
2.27
2.87
3.26
3.5
3.54
3.41
3.15
2.7
2.23
1.41
1.02
0.73
0.61
0.67
0.92
1.36
1.93
2.47
2.47
2.84
3.17
3.33
3.39
3.36
3.28
3.13
2.79
2.36
1.94
1.62
1.21
0.85
0.64
0.52
0.57
0.78
1.02
1.41
1.85
2.24
2.7
3.05
3.25
3.4
3.47
3.47
3.38
3.17
2.86
2.5
2.16
1.76
1.34
0.96
0.73
0.64
0.7
0.95
1.28
1.81
2.26
2.85
3.23
3.42
3.45
3.33
2.96
2.51
1.93
1.3
0.85
0.48
0.46
0.56
0.93
1.37
1.99
2.52
2.88
3.24
3.43
3.55
3.55
3.45
3.34
3.15
2.85
2.57
2.21
1.83
1.52
1.14
0.82
0.61
0.56
0.6
0.73
0.97
1.26
1.67
2.1
2.5
2.8
3.1
3.35
3.5
3.57
3.59
3.57
3.44
3.3
3.07
2.73
2.42
2.06
1.66
1.31
0.91
0.66
0.5
0.41
0.45
0.64
0.93
1.46
1.93
2.44
2.86
3.18
3.45
3.54
3.55
3.43
3.27
2.98
2.62
2.24
1.76
1.35
1
0.77
0.53
0.47
0.45
0.53
0.66
0.81
1.06
1.32
1.61
1.84
2.14
2.42
2.64
2.87
3.1
3.25
3.43
3.56
3.67
3.71
3.76
3.75
3.74
3.68
3.59
3.46
3.35
3.18
2.99
2.77
2.54
2.32
2.09
1.8
1.58
1.34
1.14
0.92
0.76
0.61
0.58
0.63
0.74
0.92
1.18
1.44
1.72
1.97
2.27
2.52
2.8
3.01
3.22
3.35
3.47
3.53
3.53
3.5
3.45
3.36
3.25
3.11
2.95
2.79
2.67
2.43
2.24
1.97
1.79
1.58
1.4
1.18
0.98
0.85
0.72
0.66
0.67
0.71
0.82
0.98
1.18
1.37
1.62
1.92
2.19
2.46
2.68
2.93
3.15
3.33
3.5
3.61
3.71
3.76
3.75
3.71
3.62
3.48
3.3
3.05
2.76
2.45
2.06
1.7
1.41
1.16
1
0.97
1.03
1.2
1.38
1.66
1.98
2.27
2.55
2.83
3.07
3.27
3.42
3.57
3.64
3.68
3.69
3.66
3.63
3.56
3.43
3.28
3.28
3.13
2.91
2.69
2.45
2.18
1.97
1.71
1.45
1.25
1.25
1.05
0.87
0.78
0.69
0.62
0.62
0.65
0.71
0.82
0.97
1.15
1.37
1.62
1.83
2.12
2.41
2.75
2.99
3.19
3.39
3.57
3.65
3.72
3.77
3.76
3.74
3.74
3.65
3.51
3.28
2.99
2.69
2.31
1.92
1.47
1.29
1.11
0.94
0.82
0.77
0.78
0.82
0.93
1.04
1.18
1.35
1.54
1.76
1.98
2.17
2.4
2.63
2.86
3.03
3.23
3.39
3.52
3.59
3.65
3.7
3.71
3.69
3.65
3.59
3.58
3.47
3.35
3.2
3.01
2.8
2.59
2.37
2.15
1.94
1.75
1.57
1.4
1.2
1.08
0.96
0.85
0.78
0.75
0.8
0.92
1.08
1.35
1.61
1.96
2.3
2.58
2.85
3.12
3.29
3.48
3.59
3.69
3.77
3.78
3.77
3.72
3.62
3.5
3.38
3.27
3.11
2.92
2.71
2.49
2.32
2.12
1.9
1.69
1.48
1.29
1.16
1
0.82
0.66
0.51
0.45
0.38
0.35
0.36
0.43
0.59
0.73
0.96
1.22
1.5
1.79
2.09
2.31
2.6
2.86
3.1
3.31
3.5
3.67
3.8
3.95
4.04
4.1
4.16
4.21
4.21
4.2
4.13
4.07
3.93
3.77
3.6
3.33
3.33
2.96
2.64
2.22
1.88
1.55
1.41
1.4
1.54
1.88
2.24
2.7
3.18
3.6
3.93
4.17
4.26
4.27
4.16
3.96
3.75
3.51
3.25
2.94
2.62
2.29
2.09
1.97
1.92
1.94
2.06
2.32
2.66
3.1
3.5
3.83
4.04
4.15
4.15
4.08
3.86
3.62
3.14
2.7
2.36
2.27
1.89
1.6
1.45
1.42
1.53
1.71
2.07
2.48
2.89
3.32
3.6
3.81
3.9
3.89
3.68
3.4
3.02
2.52
1.97
1.49
1.49
1.23
1.17
1.36
1.76
2.38
2.96
3.52
3.83
3.94
3.89
3.74
3.48
3.12
2.8
2.35
1.91
1.49
1.18
0.95
0.87
0.89
1.07
1.37
1.79
2.25
2.7
2.7
3.11
3.44
3.64
3.72
3.69
3.55
3.33
3.01
2.61
2.17
1.84
1.42
1.05
0.77
0.65
0.64
0.78
1.04
1.41
1.87
2.36
2.82
3.2
3.52
3.73
3.81
3.79
3.64
3.42
3.02
2.51
1.84
1.3
0.9
0.82
1.02
1.61
2.27
2.27
2.88
3.44
3.81
3.96
3.91
3.71
3.36
2.88
2.45
1.9
1.5
1.14
0.91
0.8
0.79
0.94
1.24
1.66
2.13
2.64
3.13
3.52
3.81
3.97
4.01
3.95
3.78
3.51
3.14
2.74
2.27
1.79
1.37
1.05
0.88
0.85
0.93
1.17
1.53
2
2.49
2.59
3.07
3.47
3.8
3.96
3.99
3.79
3.41
2.76
2.11
1.46
1
0.9
1.11
1.75
1.75
2.43
3.1
3.62
3.87
3.93
3.79
3.51
3.03
2.59
2.04
2.04
1.61
1.16
0.92
0.82
0.83
0.95
1.2
1.54
1.97
2.42
2.86
3.22
3.51
3.74
3.85
3.9
3.85
3.66
3.38
2.99
2.52
2.03
1.59
1.24
1.04
0.97
1.05
1.3
1.71
2.3
2.75
3.2
3.56
3.78
3.78
3.49
3.08
2.32
1.75
1.18
0.92
0.97
1.31
1.92
2.54
3.17
3.66
3.88
3.89
3.65
3.26
2.67
2.08
1.59
1.26
1.03
0.99
1.1
1.41
1.86
2.32
2.81
3.23
3.6
3.83
3.92
3.83
3.61
3.27
2.83
2.35
1.85
1.42
1.1
0.92
0.9
1.02
1.34
1.34
1.75
2.25
2.74
3.16
3.52
3.76
3.84
3.76
3.46
3.06
2.49
1.93
1.36
0.96
0.78
0.86
1.32
1.94
2.59
3.16
3.59
3.75
3.68
3.34
2.84
2.17
1.47
1
0.77
0.83
1.09
1.6
2.24
2.85
3.26
3.57
3.74
3.81
3.74
3.54
3.22
2.83
2.35
1.86
1.38
0.95
0.68
0.47
0.41
0.53
0.82
1.31
1.7
2.3
2.68
3.13
3.46
3.67
3.78
3.76
3.64
3.42
2.96
2.47
1.85
1.36
0.94
0.77
0.81
1.12
1.78
2.54
3.17
3.61
3.78
3.68
3.28
2.61
1.85
1.1
0.58
0.44
0.67
1.14
1.86
2.53
3.13
3.56
3.81
3.86
3.78
3.58
3.29
2.9
2.51
1.97
1.42
0.98
0.62
0.42
0.34
0.41
0.69
1.09
1.61
2.15
2.67
3.11
3.49
3.73
3.82
3.83
3.65
3.32
2.8
2.29
1.61
1.09
0.63
0.45
0.53
0.82
1.36
2.1
2.84
3.4
3.68
3.7
3.49
3.43
2.99
2.28
1.53
0.83
0.41
0.29
0.46
0.84
1.48
2.12
2.72
3.31
3.62
3.81
3.84
3.69
3.41
3.02
2.62
1.96
1.53
1.02
0.61
0.48
0.51
0.51
0.7
1.23
1.87
2.44
2.99
3.44
3.75
3.89
3.92
3.82
3.6
3.27
2.82
2.29
1.68
1.27
0.82
0.54
0.48
0.64
0.99
1.47
2.09
2.74
3.3
3.65
3.71
3.52
3.05
2.25
1.57
0.92
0.46
0.37
0.53
1.02
1.59
2.29
2.88
3.39
3.68
3.85
3.9
3.82
3.66
3.37
2.9
2.37
1.8
1.28
0.89
0.65
0.56
0.64
0.94
1.37
1.87
2.37
2.86
3.28
3.62
3.8
3.83
3.76
3.57
3.21
2.82
2.35
1.73
1.14
0.79
0.5
0.42
0.52
0.94
1.63
2.38
3.07
3.61
3.87
3.86
3.59
3.1
2.41
1.69
1.01
0.58
0.29
0.34
0.66
1.17
2.04
2.69
3.3
3.78
3.96
3.96
3.82
3.51
3.1
2.58
2.02
1.5
1.02
0.67
0.48
0.44
0.54
0.81
1.21
1.69
2.18
2.66
3.08
3.44
3.7
3.85
3.86
3.71
3.45
3.07
2.59
2.09
1.43
0.97
0.61
0.46
0.44
0.67
1.21
1.8
2.52
3.14
3.64
3.91
3.87
3.59
3.16
2.6
1.96
1.35
0.92
0.71
0.75
1.06
1.61
2.33
2.98
3.43
3.77
3.87
3.8
3.62
3.35
3
2.54
2.03
1.53
1.08
0.74
0.52
0.43
0.46
0.66
0.99
1.55
2.09
2.62
3.07
3.47
3.76
3.92
3.94
3.85
3.6
3.21
2.57
2.03
1.37
0.97
0.7
0.71
1.03
1.6
2.42
3.25
3.79
3.97
3.74
3.35
2.64
1.86
1.26
0.72
0.6
0.79
1.3
1.97
2.79
3.48
4.01
4.09
4.01
3.75
3.35
2.81
2.23
1.81
1.3
0.9
0.68
0.65
0.78
1.1
1.59
2.19
2.76
3.32
3.72
3.95
3.98
3.82
3.49
3
2.3
1.73
1.24
0.9
0.72
0.73
0.91
1.3
1.94
2.49
2.99
3.55
3.88
4.12
4.15
3.99
3.64
3.15
2.53
1.7
1.01
0.56
0.47
0.69
1.3
2.07
2.85
3.4
3.79
3.78
3.46
2.73
2.05
1.27
0.67
0.46
0.53
0.81
1.3
1.83
2.46
3.03
3.47
3.79
3.98
3.97
3.82
3.47
3.02
2.48
1.88
1.36
0.95
0.76
0.77
0.98
1.35
1.88
2.5
3.1
3.54
3.82
3.88
3.76
3.39
2.82
2.28
1.6
0.99
0.78
0.81
1.23
1.82
2.63
3.34
3.81
3.81
3.97
3.82
3.36
2.79
2.03
1.31
0.93
0.88
1.17
1.74
2.43
3.15
3.56
3.78
3.77
3.56
3.12
2.64
2.13
1.64
1.23
0.95
0.85
0.94
1.18
1.61
2.13
2.67
3.16
3.54
3.73
3.74
3.56
3.2
2.74
2.19
1.54
1.06
0.73
0.6
0.67
0.9
1.42
2.07
2.76
3.35
3.71
3.81
3.54
2.94
2.13
1.38
0.83
0.66
0.85
1.38
2.14
2.87
3.49
3.88
3.98
3.77
3.28
2.65
1.86
1.25
0.66
0.51
0.61
0.95
1.55
2.11
2.73
3.28
3.64
3.79
3.78
3.68
3.29
2.82
2.26
1.67
1.18
0.81
0.58
0.51
0.62
0.91
1.35
1.9
2.59
3.07
3.49
3.74
3.81
3.75
3.46
3.07
2.52
1.96
1.31
0.81
0.59
0.64
0.96
1.46
2.33
3.09
3.58
3.9
3.99
3.84
3.24
2.38
1.59
1.59
1.59
1.59
1.59
1.59
1.59
1.59
1.59
1.59
1.47
1.47
1.47
1.47
1.47
1.47
1.47
1.47
1.47
1.47
1.47
1.47
1.4
1.4
1.4
1.4
1.4
1.4
1.4
1.4
1.4
1.4
1.29
1.29
1.29
1.29
1.29
1.29
1.29
1.29
1.29
1.29
1.29
1.19
1.19
1.19
1.19
1.19
1.19
1.19
1.19
1.19
1.19
1.09
1.09
1.09
1.09
1.09
1.09
0.94
0.94
0.94
0.86
0.86
0.86
0.86
0.86
0.86
0.86
0.86
0.86
0.86
0.78
0.78
0.78
0.78
0.78
0.78
0.78
0.78
0.78
0.78
0.78
0.78
0.73
0.73
0.73
0.73
0.73
0.73
0.73
0.73
0.73
0.73
0.67
0.67
0.67
0.67
0.67
0.67
0.67
0.67
0.67
0.67
0.67
0.61
0.61
0.61
0.61
0.61
0.61
0.61
0.61
0.61
0.61
0.57
0.57
0.57
0.57
0.57
0.57
0.57
0.57
0.57
0.57
0.57
0.57
0.53
0.53
0.53
0.53
0.53
0.53
0.53
0.53
0.53
0.52
0.52
0.52
0.52
0.52
0.52
0.52
0.52
0.52
0.52
0.52
0.52
0.52
0.49
0.49
0.49
0.49
0.49
0.49
0.49
0.49
0.49
0.49
0.49
0.49
0.49
0.49
0.49
0.49
0.49
0.49
0.49
0.49
0.5
0.5
0.5
0.5
0.5
0.5
0.5
0.5
0.5
0.52
0.52
0.52
0.52
0.52
0.52
0.52
0.52
0.52
0.52
0.52
0.52
0.52
0.55
0.55
0.55
0.55
0.55
0.55
0.55
0.55
0.55
0.59
0.59
0.59
0.59
0.59
0.59
0.59
0.59
0.59
0.59
0.59
0.59
0.63
0.63
0.63
0.63
0.63
0.63
0.63
0.63
0.63
0.63
0.67
0.67
0.67
0.67
0.67
0.67
0.67
0.67
0.67
0.67
0.67
0.67
0.73
0.73
0.73
0.73
0.73
0.73
0.73
0.73
0.73
0.81
0.81
0.81
0.81
0.81
0.81
0.81
0.81
0.81
0.81
0.81
0.81
0.88
0.88
0.88
0.88
0.88
0.88
0.88
0.88
0.88
0.94
0.94
0.94
0.94
0.94
0.94
0.94
0.94
0.94
0.94
0.94
0.94
0.94
1.03
1.03
1.03
1.03
1.03
1.03
1.03
1.03
1.03
1.03
1.12
1.12
1.12
1.12
1.12
1.12
1.12
1.12
1.12
1.12
1.12
1.12
1.21
1.21
1.21
1.21
1.21
1.21
1.21
1.21
1.21
1.21
1.29
1.29
1.29
1.29
1.29
1.29
1.29
1.29
1.29
1.29
1.29
1.29
1.39
1.39
1.39
1.39
1.39
1.39
1.39
1.39
1.39
1.5
1.5
1.5
1.5
1.5
1.5
1.5
1.5
1.5
1.5
1.5
1.5
1.5
1.6
1.6
1.6
1.6
1.6
1.6
1.6
1.6
1.6
1.6
1.71
1.71
1.71
1.71
1.71
1.71
1.71
1.71
1.71
1.71
1.71
1.8
1.8
1.8
1.8
1.8
1.8
1.8
1.8
1.8
1.8
1.91
1.91
1.91
1.91
1.91
1.91
1.91
1.91
1.91
1.91
1.91
1.91
1.91
1.91
2.02
2.02
2.02
2.02
2.02
2.02
2.02
2.02
2.02
2.13
2.13
2.13
2.13
2.13
2.13
2.13
2.13
2.13
2.13
2.13
2.13
2.13
2.25
2.25
2.25
2.25
2.25
2.25
2.25
2.25
2.33
2.33
2.33
2.33
2.33
2.33
2.33
2.33
2.33
2.33
2.33
2.33
2.33
2.33
2.44
2.44
2.44
2.44
2.44
2.44
2.44
2.44
2.55
2.55
2.55
2.55
2.55
2.55
2.55
2.55
2.55
2.55
2.55
2.55
2.66
2.66
2.66
2.66
2.66
2.66
2.66
2.66
2.66
2.66
2.75
2.75
2.75
2.75
2.75
2.75
2.75
2.75
2.75
2.75
2.75
2.75
2.75
2.85
2.85
2.85
2.85
2.85
2.85
2.85
2.85
2.96
2.96
2.96
2.96
2.96
2.96
2.96
2.96
2.96
2.96
2.96
2.96
2.96
2.96
3.06
3.06
3.06
3.06
3.06
3.06
3.06
3.06
3.06
3.16
3.16
3.16
3.16
3.16
3.16
3.16
3.16
3.16
3.16
3.16
3.16
3.24
3.24
3.24
3.24
3.24
3.24
3.24
3.24
3.24
3.24
3.33
3.33
3.33
3.33
3.33
3.33
3.33
3.33
3.33
3.33
3.33
3.33
3.42
3.42
3.42
3.42
3.42
3.42
3.42
3.42
3.42
3.42
3.49
3.49
3.49
3.49
3.49
3.49
3.49
3.49
3.49
3.49
3.49
3.49
3.56
3.56
3.56
3.56
3.56
3.56
3.56
3.56
3.56
3.56
3.63
3.63
3.63
3.63
3.63
3.63
3.63
3.63
3.63
3.63
3.63
3.67
3.67
3.67
3.67
3.67
3.67
3.67
3.67
3.67
3.67
3.67
3.73
3.73
3.73
3.73
3.73
3.73
3.73
3.73
3.73
3.73
3.73
3.73
3.78
3.78
3.78
3.78
3.78
3.78
3.78
3.78
3.78
3.78
3.83
3.83
3.83
3.83
3.83
3.83
3.83
3.83
3.83
3.83
3.83
3.86
3.86
3.86
3.86
3.86
3.86
3.86
3.86
3.86
3.86
3.86
3.9
3.9
3.9
3.9
3.9
3.9
3.9
3.9
3.9
3.9
3.9
3.9
3.93
3.93
3.93
3.93
3.93
3.93
3.93
3.93
3.93
3.95
3.95
3.95
3.95
3.95
3.95
3.95
3.95
3.95
3.95
3.95
3.95
3.95
3.98
3.98
3.98
3.98
3.98
3.98
3.98
3.98
4
4
4
4
4
4
4
4
4
4
4
4
4
4.02
4.02
4.02
4.02
4.02
4.02
4.02
4.02
4.02
4.02
4.02
4.03
4.03
4.03
4.03
4.03
4.03
4.03
4.03
4.03
4.03
4.03
4.03
4.03
4.03
4.03
4.03
4.03
4.03
4.03
4.03
4.03
4.03
4.03
4.03
4.03
4.03
4.03
4.03
4.03
4.03
4.03
4.03
4.03
4.03
4.03
4.03
4.03
4.03
4.03
4.03
4.03
4.03
4.03
4.02
4.02
4.02
4.02
4.02
4.02
4.02
4.02
4.02
4.02
4.02
4.02
4.02
4.01
4.01
4.01
4.01
4.01
4.01
4.01
4.01
4.01
4.01
4
4
4
4
4
4
4
4
4
4
4
4
4
3.97
3.97
3.97
3.97
3.97
3.97
3.97
3.97
3.97
3.97
3.94
3.94
3.94
3.94
3.94
3.94
3.94
3.94
3.94
3.94
3.94
3.94
3.94
3.9
3.9
3.9
3.9
3.9
3.9
3.9
3.9
3.9
3.9
3.85
3.85
3.85
3.85
3.85
3.85
3.85
3.85
3.85
3.85
3.85
3.85
3.85
3.81
3.81
3.81
3.81
3.81
3.81
3.81
3.81
3.81
3.81
3.76
3.76
3.76
3.76
3.76
3.76
3.76
3.76
3.76
3.76
3.76
3.76
3.76
3.7
3.7
3.7
3.7
3.7
3.7
3.7
3.7
3.7
3.7
3.64
3.64
3.64
3.64
3.64
3.64
3.64
3.64
3.64
3.64
3.64
3.64
3.64
3.59
3.59
3.59
3.59
3.59
3.59
3.59
3.59
3.59
3.59
3.59
3.51
3.51
3.51
3.51
3.51
3.51
3.51
3.51
3.51
3.51
3.51
3.51
3.43
3.43
3.43
3.43
3.43
3.43
3.43
3.43
3.43
3.43
3.35
3.35
3.35
3.35
3.35
3.35
3.35
3.35
3.35
3.35
3.35
3.35
3.29
3.29
3.29
3.29
3.29
3.29
3.29
3.29
3.29
3.2
3.2
3.2
3.2
3.2
3.2
3.2
3.2
3.2
3.2
3.2
3.2
3.1
3.1
3.1
3.1
3.1
3.1
3.1
3.1
3.1
3.1
3
3
3
3
3
3
3
3
3
3
3
3
2.91
2.91
2.91
2.91
2.91
2.91
2.91
2.91
2.91
2.91
2.91
2.8
2.8
2.8
2.8
2.8
2.8
2.8
2.8
2.8
2.8
2.8
2.8
2.72
2.72
2.72
2.72
2.72
2.72
2.72
2.72
2.72
2.72
2.61
2.61
2.61
2.61
2.61
2.61
2.61
2.61
2.61
2.61
2.61
2.61
2.61
2.5
2.5
2.5
2.5
2.5
2.5
2.5
2.5
2.5
2.5
2.5
2.5
2.39
2.39
2.39
2.19
2.19
2.19
2.19
2.19
2.19
2.08
2.08
2.08
2.08
2.08
2.08
2.08
2.08
2.08
2.08
2.08
2.08
1.96
1.96
1.96
1.96
1.96
1.96
1.96
1.96
1.96
1.96
1.96
1.96
1.84
1.84
1.84
1.84
1.84
1.84
1.84
1.84
1.84
1.84
1.76
1.76
1.76
1.76
1.76
1.76
1.76
1.76
1.76
1.76
1.76
1.76
1.76
1.76
1.64
1.64
1.64
1.64
1.64
1.64
1.64
1.64
1.64
1.64
1.53
1.53
1.53
1.53
1.53
1.53
1.53
1.53
1.53
1.53
1.53
1.53
1.42
1.42
1.42
1.42
1.42
1.42
1.42
1.42
1.42
1.42
1.42
1.34
1.34
1.34
1.34
1.34
1.34
1.34
1.34
1.34
1.34
1.34
1.34
1.34
1.23
1.23
1.23
1.23
1.23
1.23
1.23
1.23
1.23
1.23
1.23
1.23
1.13
1.13
1.13
1.13
1.13
1.13
1.13
1.13
1.13
1.13
1.13
1.13
1.03
1.03
1.03
1.03
1.03
1.03
1.03
1.03
1.03
1.03
1.03
0.96
0.96
0.96
0.96
0.96
0.96
0.96
0.96
0.96
0.96
0.96
0.96
0.88
0.88
0.88
0.88
0.88
0.88
0.88
0.88
0.88
0.88
0.88
0.88
0.79
0.79
0.79
0.79
0.79
0.79
0.79
0.79
0.79
0.79
0.79
0.79
0.71
0.71
0.71
0.71
0.71
0.71
0.71
0.71
0.71
0.71
0.71
0.71
0.64
0.64
0.64
0.64
0.64
0.64
0.64
0.64
0.64
0.64
0.64
0.6
0.6
0.6
0.6
0.6
0.6
0.6
0.6
0.6
0.6
0.6
0.6
0.55
0.55
0.55
0.55
0.55
0.55
0.55
0.55
0.55
0.55
0.55
0.55
0.52
0.52
0.52
0.52
0.52
0.52
0.52
0.52
0.52
0.52
0.52
0.52
0.48
0.48
0.48
0.48
0.48
0.48
0.48
0.48
0.48
0.48
0.48
0.45
0.45
0.45
0.45
0.45
0.45
0.45
0.45
0.45
0.45
0.45
0.44
0.44
0.44
0.44
0.44
0.44
0.44
0.44
0.44
0.44
0.44
0.44
0.44
0.41
0.41
0.41
0.41
0.41
0.41
0.41
0.41
0.41
0.41
0.41
0.4
0.4
0.4
0.4
0.4
0.4
0.4
0.4
0.4
0.4
0.4
0.4
0.4
0.4
0.4
0.4
0.4
0.4
0.4
0.4
0.4
0.4
0.4
0.4
0.39
0.39
0.39
0.39
0.39
0.39
0.39
0.39
0.39
0.39
0.39
0.39
0.39
0.39
0.39
0.39
0.39
0.39
0.39
0.39
0.39
0.39
0.39
0.39
0.39
0.39
0.39
0.39
0.39
0.39
0.39
0.39
0.39
0.39
0.39
0.4
0.4
0.4
0.4
0.4
0.4
0.4
0.4
0.4
0.4
0.4
0.4
0.41
0.41
0.41
0.41
0.41
0.41
0.41
0.41
0.41
0.41
0.41
0.41
0.44
0.44
0.44
0.44
0.44
0.44
0.44
0.44
0.44
0.44
0.44
0.47
0.47
0.47
0.47
0.47
0.47
0.47
0.47
0.47
0.47
0.47
0.47
0.5
0.5
0.5
0.5
0.5
0.5
0.5
0.5
0.5
0.5
0.5
0.5
0.55
0.55
0.55
0.55
0.55
0.55
0.55
0.55
0.55
0.55
0.55
0.55
0.6
0.6
0.6
0.6
0.6
0.6
0.6
0.6
0.6
0.6
0.6
0.6
0.6
0.63
0.63
0.63
0.63
0.63
0.63
0.63
0.63
0.63
0.63
0.63
0.69
0.69
0.69
0.69
0.69
0.69
0.69
0.69
0.69
0.69
0.69
0.69
0.76
0.76
0.76
0.76
0.76
0.76
0.76
0.76
0.76
0.76
0.76
0.82
0.82
0.82
0.82
0.82
0.82
0.82
0.82
0.82
0.82
0.82
0.82
0.88
0.88
0.88
0.88
0.88
0.88
0.88
0.88
0.88
0.88
0.88
0.95
0.95
0.95
0.95
0.95
0.95
0.95
0.95
0.95
0.95
0.95
0.95
0.95
1.03
1.03
1.03
1.03
1.03
1.03
1.03
1.03
1.03
1.03
1.03
1.12
1.12
1.12
1.12
1.12
1.12
1.12
1.12
1.12
1.12
1.12
1.12
1.12
1.22
1.22
1.22
1.22
1.22
1.22
1.22
1.22
1.22
1.22
1.29
1.29
1.29
1.29
1.29
1.29
1.29
1.29
1.29
1.29
1.29
1.29
1.29
1.29
1.39
1.39
1.39
1.39
1.39
1.39
1.39
1.39
1.39
1.39
1.39
1.48
1.48
1.48
1.48
1.48
1.48
1.48
1.48
1.48
1.48
1.48
1.48
1.59
1.59
1.59
1.59
1.59
1.59
1.59
1.59
1.59
1.59
1.59
1.67
1.67
1.67
1.67
1.67
1.67
1.67
1.67
1.67
1.67
1.67
1.67
1.67
1.78
1.78
1.78
1.78
1.78
1.78
1.78
1.78
1.78
1.78
1.78
1.88
1.88
1.88
1.88
1.88
1.88
1.88
1.88
1.88
1.88
1.88
1.88
1.99
1.99
1.99
1.99
1.99
1.99
1.99
1.99
1.99
1.99
1.99
2.1
2.1
2.1
2.1
2.1
2.1
2.1
2.1
2.1
2.1
2.1
2.1
2.18
2.18
2.18
2.18
2.18
2.18
2.18
2.18
2.18
2.18
2.18
2.18
2.29
2.29
2.29
2.29
2.29
2.29
2.29
2.29
2.29
2.29
2.29
2.29
2.29
2.39
2.39
2.39
2.39
2.39
2.39
2.39
2.39
2.39
2.39
2.49
2.49
2.49
2.49
2.49
2.49
2.49
2.49
2.49
2.49
2.49
2.49
2.49
2.56
2.56
2.56
2.56
2.56
2.56
2.56
2.56
2.56
2.56
2.56
2.56
2.66
2.66
2.66
2.66
2.66
2.66
2.66
2.66
2.66
2.66
2.66
2.66
2.76
2.76
2.76
2.76
2.76
2.76
2.76
2.76
2.76
2.76
2.76
2.85
2.85
2.85
2.85
2.85
2.85
2.85
2.85
2.85
2.85
2.85
2.85
2.85
2.94
2.94
2.94
2.94
2.94
2.94
2.94
2.94
2.94
2.94
2.94
2.94
3.03
3.03
3.03
3.03
3.03
3.03
3.03
3.03
3.03
3.03
3.03
3.03
3.09
3.09
3.09
3.09
3.09
3.09
3.09
3.09
3.09
3.09
3.09
3.17
3.17
3.17
3.17
3.17
3.17
3.17
3.17
3.17
3.17
3.17
3.17
3.26
3.26
3.26
3.26
3.26
3.26
3.26
3.26
3.26
3.26
3.26
3.33
3.33
3.33
3.33
3.33
3.33
3.33
3.33
3.33
3.33
3.33
3.33
3.39
3.39
3.39
3.39
3.39
3.39
3.39
3.39
3.39
3.39
3.39
3.45
3.45
3.45
3.45
3.45
3.45
3.45
3.45
3.45
3.45
3.45
3.45
3.52
3.52
3.52
3.52
3.52
3.52
3.52
3.52
3.52
3.52
3.52
3.57
3.57
3.57
3.57
3.57
3.57
3.57
3.57
3.57
3.57
3.57
3.57
3.63
3.63
3.63
3.63
3.63
3.63
3.63
3.63
3.63
3.63
3.67
3.67
3.67
3.67
3.67
3.67
3.67
3.67
3.67
3.67
3.67
3.67
3.67
3.72
3.72
3.72
3.72
3.72
3.72
3.72
3.72
3.72
3.72
3.72
3.77
3.77
3.77
3.77
3.77
3.77
3.77
3.77
3.77
3.77
3.77
3.77
3.77
3.8
3.8
3.8
3.8
3.8
3.8
3.8
3.8
3.8
3.8
3.82
3.82
3.82
3.82
3.82
3.82
3.82
3.82
3.82
3.82
3.82
3.82
3.82
3.85
3.85
3.85
3.85
3.85
3.85
3.85
3.85
3.85
3.85
3.86
3.86
3.86
3.86
3.86
3.86
3.86
3.86
3.86
3.86
3.86
3.86
3.88
3.88
3.88
3.88
3.88
3.88
3.88
3.88
3.88
3.88
3.88
3.88
3.88
3.88
3.88
3.88
3.88
3.88
3.88
3.88
3.88
3.88
3.88
3.88
3.88
3.88
3.88
3.88
3.88
3.88
3.88
3.88
3.88
3.88
3.87
3.87
3.87
3.87
3.87
3.87
3.87
3.87
3.87
3.87
3.87
3.87
3.85
3.85
3.85
3.85
3.85
3.85
3.85
3.85
3.85
3.85
3.85
3.84
3.84
3.84
3.84
3.84
3.84
3.84
3.84
3.84
3.84
3.84
3.84
3.81
3.81
3.81
3.81
3.81
3.81
3.81
3.81
3.81
3.81
3.79
3.79
3.79
3.79
3.79
3.79
3.79
3.79
3.79
3.79
3.79
3.79
3.79
3.75
3.75
3.75
3.75
3.75
3.75
3.75
3.75
3.75
3.75
3.71
3.71
3.71
3.71
3.71
3.71
3.71
3.71
3.71
3.71
3.71
3.71
3.71
3.68
3.68
3.68
3.68
3.68
3.68
3.68
3.68
3.68
3.68
3.62
3.62
3.62
3.62
3.62
3.62
3.62
3.62
3.62
3.62
3.62
3.62
3.57
3.57
3.57
3.57
3.57
3.57
3.57
3.57
3.57
3.57
3.51
3.51
3.51
3.51
3.51
3.51
3.51
3.51
3.51
3.51
3.51
3.51
3.51
3.44
3.44
3.44
3.44
3.44
3.44
3.44
3.44
3.44
3.44
3.44
3.37
3.37
3.37
3.37
3.37
3.37
3.37
3.37
3.37
3.37
3.37
3.31
3.31
3.31
3.31
3.31
3.31
3.31
3.31
3.31
3.31
3.31
3.23
3.23
3.23
3.23
3.23
3.23
3.23
3.23
3.23
3.23
3.23
3.23
3.14
3.14
3.14
3.14
3.14
3.14
3.14
3.14
3.14
3.14
3.14
3.05
3.05
3.05
3.05
3.05
3.05
3.05
3.05
3.05
3.05
3.05
3.05
2.95
2.95
2.95
2.95
2.95
2.95
2.95
2.95
2.88
2.88
2.88
2.88
2.88
2.88
2.88
2.88
2.88
2.88
2.88
2.88
2.79
2.79
2.79
2.79
2.79
2.79
2.79
2.79
2.79
2.79
2.68
2.68
2.68
2.68
2.68
2.68
2.68
2.68
2.68
2.68
2.68
2.68
2.58
2.58
2.58
2.58
2.58
2.58
2.58
2.58
2.58
2.51
2.51
2.51
2.51
2.51
2.51
2.51
2.51
2.51
2.51
2.51
2.51
2.51
2.4
2.19
2.19
2.19
2.19
2.19
2.19
2.12
2.12
2.12
2.12
2.12
2.12
2.12
2.12
2.12
2.12
2.12
2.12
2.12
2.01
2.01
2.01
2.01
2.01
2.01
2.01
2.01
2.01
2.01
1.9
1.9
1.9
1.9
1.9
1.9
1.9
1.9
1.9
1.9
1.9
1.9
1.79
1.79
1.79
1.79
1.79
1.79
1.79
1.79
1.79
1.79
1.71
1.71
1.71
1.71
1.71
1.71
1.71
1.71
1.71
1.71
1.71
1.71
1.71
1.61
1.61
1.61
1.61
1.61
1.61
1.61
1.61
1.61
1.51
1.51
1.51
1.51
1.51
1.51
1.51
1.51
1.51
1.51
1.51
1.51
1.41
1.41
1.41
1.41
1.41
1.41
1.41
1.41
1.41
1.41
1.41
1.31
1.31
1.31
1.31
1.31
1.31
1.31
1.31
1.31
1.31
1.31
1.24
1.24
1.24
1.24
1.24
1.24
1.24
1.24
1.24
1.24
1.14
1.14
1.14
1.14
1.14
1.14
1.14
1.14
1.14
1.14
1.14
1.14
1.14
1.05
1.05
1.05
1.05
1.05
1.05
1.05
1.05
1.05
0.96
0.96
0.96
0.96
0.96
0.96
0.96
0.96
0.96
0.96
0.96
0.96
0.87
0.87
0.87
0.87
0.87
0.87
0.87
0.87
0.87
0.81
0.81
0.81
0.81
0.81
0.81
0.81
0.81
0.81
0.81
0.81
0.81
0.73
0.73
0.73
0.73
0.73
0.73
0.73
0.73
0.73
0.73
0.65
0.65
0.65
0.65
0.65
0.65
0.65
0.65
0.65
0.65
0.65
0.65
0.57
0.57
0.57
0.57
0.57
0.57
0.57
0.57
0.57
0.57
0.52
0.52
0.52
0.52
0.52
0.52
0.52
0.52
0.52
0.52
0.52
0.52
0.46
0.46
0.46
0.46
0.46
0.46
0.46
0.46
0.46
0.4
0.4
0.4
0.4
0.4
0.4
0.4
0.4
0.4
0.4
0.4
0.4
0.33
0.33
0.33
0.33
0.33
0.33
0.33
0.33
0.33
0.28
0.28
0.28
0.28
0.28
0.28
0.28
0.28
0.28
0.28
0.28
0.28
0.22
0.22
0.22
0.22
0.22
0.22
0.22
0.22
0.15
0.12
0.12
0.12
0.12
0.12
0.12
0.12
0.12
0.12
0.12
0.12
0.09
0.09
0.09
0.09
0.09
0.09
0.09
0.09
0.09
0.07
0.07
0.07
0.07
0.07
0.07
0.07
0.07
0.07
0.07
0.07
0.07
0.06
0.06
0.06
0.06
0.06
0.06
0.06
0.06
0.06
0.04
0.04
0.04
0.04
0.04
0.04
0.04
0.04
0.04
0.04
0.04
0.04
0.04
0.04
0.04
0.04
0.04
0.04
0.04
0.04
0.04
0.03
0.03
0.03
0.04
0.06
0.08
0.14
0.21
0.3
0.41
0.52
0.67
0.83
0.98
1.15
1.33
1.51
1.68
1.89
2.06
2.26
2.43
2.6
2.76
2.9
3.05
3.18
3.32
3.44
3.55
3.63
3.72
3.81
3.89
3.97
4.02
4.08
4.12
4.16
4.18
4.2
4.22
4.24
4.26
4.26
4.28
4.26
4.23
4.21
4.19
4.16
4.12
4.08
4.04
3.98
3.93
3.87
3.8
3.75
3.69
3.62
3.55
3.47
3.39
3.31
3.24
3.15
3.09
3
2.92
2.84
2.73
2.65
2.54
2.47
2.36
2.28
2.18
2.07
1.99
1.88
1.78
1.68
1.56
1.46
1.35
1.25
1.13
1.04
0.92
0.82
0.72
0.64
0.56
0.48
0.4
0.32
0.25
0.18
0.11
0.06
0.02
-0.02
-0.03
-0.05
-0.06
-0.05
-0.04
-0.02
0.03
0.07
0.11
0.16
0.21
0.27
0.33
0.4
0.49
0.57
0.66
0.74
0.83
0.93
1.03
1.14
1.23
1.34
1.43
1.54
1.63
1.74
1.85
1.96
2.07
2.18
2.31
2.41
2.53
2.64
2.76
2.87
2.97
3.06
3.15
3.25
3.33
3.42
3.51
3.59
3.65
3.72
3.78
3.84
3.89
3.94
3.98
4.02
4.05
4.09
4.13
4.14
4.18
4.19
4.21
4.22
4.23
4.24
4.23
4.22
4.21
4.19
4.17
4.15
4.14
4.11
4.08
4.04
4
3.94
3.88
3.82
3.75
3.69
3.61
3.54
3.48
3.4
3.33
3.24
3.17
3.07
2.98
2.87
2.75
2.66
2.54
2.45
2.34
2.24
2.12
2.03
1.91
1.79
1.67
1.54
1.43
1.29
1.17
1.05
0.92
0.81
0.69
0.59
0.48
0.4
0.3
0.22
0.13
0.05
-0.01
-0.07
-0.11
-0.15
-0.17
-0.19
-0.18
-0.18
-0.16
-0.12
-0.07
-0.02
0.03
0.11
0.16
0.23
0.3
0.4
0.49
0.58
0.68
0.78
0.89
0.99
1.11
1.22
1.34
1.44
1.56
1.68
1.79
1.91
2.02
2.14
2.26
2.38
2.5
2.62
2.73
2.84
2.95
3.05
3.16
3.26
3.36
3.46
3.53
3.61
3.69
3.77
3.84
3.9
3.97
4.02
4.06
4.1
4.14
4.16
4.18
4.2
4.21
4.21
4.22
4.22
4.21
4.19
4.18
4.16
4.12
4.08
4.03
3.97
3.91
3.84
3.76
3.67
3.59
3.5
3.41
3.3
3.19
3.08
2.97
2.85
2.72
2.6
2.46
2.33
2.2
2.06
1.93
1.8
1.68
1.55
1.41
1.29
1.17
1.03
0.9
0.78
0.64
0.53
0.42
0.32
0.23
0.14
0.07
0.01
-0.04
-0.09
-0.11
-0.13
-0.14
-0.14
-0.13
-0.1
-0.07
-0.03
0.02
0.09
0.18
0.27
0.36
0.46
0.55
0.67
0.78
1.04
1.1
1.17
1.32
1.45
1.59
1.72
1.87
2
2.14
2.39
2.46
2.52
2.63
2.75
2.85
2.97
3.08
3.17
3.27
3.35
3.43
3.5
3.57
3.65
3.7
3.76
3.8
3.84
3.89
3.92
3.95
3.98
4
4.02
4.02
4.03
4.03
4.03
4.02
4.01
3.99
3.96
3.94
3.9
3.86
3.82
3.77
3.72
3.66
3.61
3.52
3.45
3.37
3.28
3.2
3.11
3.01
2.9
2.81
2.69
2.59
2.49
2.32
2.28
2.17
2.08
1.97
1.87
1.76
1.66
1.58
1.48
1.39
1.29
1.2
1.11
1.03
0.91
0.88
0.77
0.71
0.67
0.61
0.53
0.46
0.42
0.4
0.39
0.37
0.35
0.34
0.35
0.35
0.37
0.4
0.43
0.48
0.53
0.59
0.66
0.74
0.81
0.9
1.01
1.1
1.2
1.29
1.4
1.5
1.63
1.74
1.87
2
2.11
2.24
2.35
2.47
2.58
2.7
2.83
2.93
3.03
3.12
3.22
3.31
3.4
3.48
3.57
3.65
3.71
3.79
3.86
3.9
3.96
4
4.03
4.06
4.09
4.11
4.11
4.11
4.12
4.12
4.11
4.09
4.07
4.01
3.95
3.89
3.83
3.76
3.67
3.58
3.48
3.38
3.28
3.19
3.07
2.95
2.85
2.72
2.59
2.45
2.33
2.19
2.08
1.95
1.81
1.7
1.56
1.44
1.3
1.19
1.06
0.92
0.81
0.68
0.56
0.44
0.34
0.24
0.14
0.07
